    1                 20161113_110259_WTMC_20   173.05361   -42.61944
    2                 20161113_110300_HSES_20   172.83056   -42.52333
    3                 20161113_110301_CULC_20   172.80250   -42.75944
    4                 20161113_110303_CECS_20   173.27500   -42.81361
    5                 20161113_110304_GLWS_20   172.51111   -42.59417
    6                  20161113_110304_GVZ_20   173.03472   -42.96750
    7                 20161113_110304_SCAC_20   172.92167   -42.93861
    8                 20161113_110305_WAKC_20   172.70528   -42.96306
    9                 20161113_110308_MOLS_20   173.25750   -42.08806
   10                 20161113_110309_KIKS_20   173.68222   -42.42583
   11                 20161113_110316_MCAS_20   172.32806   -41.80000
   12                 20161113_110316_WVFS_20   173.35083   -41.62028
   13                 20161113_110317_KEKS_20   173.98139   -41.95556
   14                 20161113_110320_WDFS_20   174.13833   -41.82750
   15                 20161113_110322_BWRS_20   173.90500   -41.43944
   16                 20161113_110322_MGCS_20   173.94444   -41.50778
   17                 20161113_110322_NELS_20   173.27417   -41.28778
   18                 20161113_110322_SEDS_20   174.07639   -41.67222
   19                 20161113_110323_NLMS_20   173.27694   -41.26639
   20                 20161113_110324_HAVS_20   173.78472   -41.27222
   21                 20161113_110325_QCCS_20   174.02306   -41.27972
   22                 20161113_110329_MISS_20   174.81833   -41.31500
   23                  20161113_110329_WEL_20   174.76806   -41.28417
   24                 20161113_110329_WNAS_20   174.80917   -41.32639
   25                 20161113_110329_WNKS_20   174.74194   -41.28472
   26                 20161113_110330_POTS_20   174.77472   -41.27222
   27                 20161113_110330_TEPS_20   174.78111   -41.29056
   28                 20161113_110330_TFSS_20   174.78306   -41.27556
   29                 20161113_110330_VUWS_20   174.77833   -41.27972
   30                 20161113_110331_LHUS_20   174.89361   -41.23083
   31                 20161113_110331_LIRS_20   174.91917   -41.23222
   32                 20161113_110331_LRSS_20   174.90417   -41.22944
   33                 20161113_110331_PGMS_20   174.87944   -41.22444
   34                 20161113_110331_PHHS_20   174.90417   -41.25222
   35                 20161113_110331_SEVS_21   174.90222   -41.24694
   36                 20161113_110331_TSFS_20   172.82111   -40.84944
   37                 20161113_110331_WEMS_20   174.77917   -41.27417
   38                 20161113_110332_ARKS_20   174.94417   -41.24194
   39                 20161113_110332_BMTS_20   174.92611   -41.19139
   40                 20161113_110332_LHBS_20   174.89222   -41.19667
   41                 20161113_110332_NEWS_20   174.82167   -41.23194
   42                 20161113_110332_PVCS_20   174.87389   -41.22472
   43                 20161113_110332_SOCS_20   174.91583   -41.20444
   44                 20161113_110332_TAIS_20   174.95472   -41.18028
   45                 20161113_110332_WDAS_20   174.94833   -41.25750
   46                 20161113_110333_FKPS_20   174.77889   -41.28806
   47                 20161113_110333_LHES_20   174.90333   -41.21167
   48                 20161113_110333_NBSS_20   174.95389   -41.20222
   49                 20161113_110333_PFAS_20   174.84611   -41.13861
   50                 20161113_110333_POKS_20   174.83139   -41.12500
   51                 20161113_110333_POLS_20   174.83917   -41.13139
   52                 20161113_110333_PWES_20   174.82583   -41.12750
   53                 20161113_110334_UHCS_20   175.04083   -41.12694
   54                 20161113_110336_PIPS_20   174.78611   -41.26750
   55                 20161113_110343_WANS_20   174.93111   -41.23111
